IDR044.map
04 Newcastle (64 km)
projection = Gnomonic
center_longitude =     152.02499
center_latitude  =     -32.73170
lon0 =     151.34030
lat0 =     -33.30375
lon1 =     151.34908
lat1 =     -32.15287
lon2 =     152.70848
lat2 =     -32.15284
lon3 =     152.71736
lat3 =     -33.30371
