IDR062.map
06 Geraldton (256 km)
projection = Gnomonic
center_longitude =     114.70000
center_latitude  =     -28.80000
lon0 =     112.02206
lat0 =     -31.06718
lon1 =     112.13782
lat1 =     -26.46316
lon2 =     117.28222
lat2 =     -26.46280
lon3 =     117.39888
lat3 =     -31.06675
