IDR043.map
04 Newcastle (128 km)
projection = Gnomonic
center_longitude =     152.02499
center_latitude  =     -32.73170
lon0 =     150.64330
lat0 =     -33.86862
lon1 =     150.67851
lat1 =     -31.56751
lon2 =     153.37955
lat2 =     -31.56743
lon3 =     153.41496
lat3 =     -33.86852
