IDR084.map
08 Gympie (64 km)
projection = Gnomonic
center_longitude =     152.58299
center_latitude  =     -25.96700
lon0 =     151.94298
lat0 =     -26.53811
lon1 =     151.94920
lat1 =     -25.38838
lon2 =     153.22186
lat2 =     -25.38836
lon3 =     153.22813
lat3 =     -26.53809
