IDR041.map
04 Newcastle (512 km)
projection = Gnomonic
center_longitude =     152.02499
center_latitude  =     -32.73170
lon0 =     146.28044
lat0 =     -37.17894
lon1 =     146.84238
lat1 =     -28.01493
lon2 =     157.23914
lat2 =     -28.01374
lon3 =     157.80444
lat3 =     -37.17725
