IDR083.map
08 Gympie (128 km)
projection = Gnomonic
center_longitude =     152.58299
center_latitude  =     -25.96700
lon0 =     151.29564
lat0 =     -27.10645
lon1 =     151.32056
lat1 =     -24.80720
lon2 =     153.85368
lat2 =     -24.80713
lon3 =     153.87877
lat3 =     -27.10637
