IDR023.map
02 Melbourne (128 km)
projection = Gnomonic
center_longitude =     144.75200
center_latitude  =     -37.85200
lon0 =     143.27446
lat0 =     -38.98834
lon1 =     143.31989
lat1 =     -36.68605
lon2 =     146.19131
lat2 =     -36.68597
lon3 =     146.23697
lat3 =     -38.98825
