IDR032.map
03 Wollongong (256 km)
projection = Gnomonic
center_longitude =     150.87390
center_latitude  =     -34.26390
lon0 =     148.01942
lat0 =     -36.52611
lon1 =     148.17148
lat1 =     -31.92357
lon2 =     153.59669
lat2 =     -31.92314
lon3 =     153.74989
lat3 =     -36.52560
