IDR1123.map
112 Gove Ap (128 km)
projection = Gnomonic
center_longitude =     136.82043
center_latitude  =     -12.26898
lon0 =     135.64110
lat0 =     -13.41333
lon1 =     135.65137
lat1 =     -11.11011
lon2 =     137.99858
lat2 =     -11.11008
lon3 =     138.00893
lat3 =     -13.41329
