IDR1144.map
114 Carnarvon (64 km)
projection = Gnomonic
center_longitude =     113.66938
center_latitude  =     -24.88830
lon0 =     113.03449
lat0 =     -25.45992
lon1 =     113.04038
lat1 =     -24.30894
lon2 =     114.30334
lat2 =     -24.30892
lon3 =     114.30928
lat3 =     -25.45990
