IDR193.map
19 Cairns (128 km)
projection = Gnomonic
center_longitude =     145.68300
center_latitude  =     -16.81700
lon0 =     144.47858
lat0 =     -17.96131
lon1 =     144.49310
lat1 =     -15.65970
lon2 =     146.88348
lat2 =     -15.65965
lon3 =     146.89815
lat3 =     -17.96124
