IDR113.map
11 Adelaide Ap (128 km)
projection = Gnomonic
center_longitude =     138.53300
center_latitude  =     -34.95000
lon0 =     137.11632
lat0 =     -36.08888
lon1 =     137.15555
lat1 =     -33.78691
lon2 =     139.92564
lat2 =     -33.78674
lon3 =     139.96530
lat3 =     -36.08870
