IDR174.map
17 Broome (64 km)
projection = Gnomonic
center_longitude =     122.22500
center_latitude  =     -17.94500
lon0 =     121.62081
lat0 =     -18.51684
lon1 =     121.62473
lat1 =     -17.36653
lon2 =     122.82999
lat2 =     -17.36651
lon3 =     122.83393
lat3 =     -18.51682
