IDR1124.map
112 Gove Ap (64 km)
projection = Gnomonic
center_longitude =     136.82043
center_latitude  =     -12.26898
lon0 =     136.23250
lat0 =     -12.84092
lon1 =     136.23506
lat1 =     -11.69003
lon2 =     137.41032
lat2 =     -11.69002
lon3 =     137.41292
lat3 =     -12.84091
