IDR1084.map
108 Toowoomba (64 km)
projection = Gnomonic
center_longitude =     151.99240
center_latitude  =     -27.27430
lon0 =     151.34375
lat0 =     -27.84611
lon1 =     151.35043
lat1 =     -26.69455
lon2 =     152.63940
lat2 =     -26.69453
lon3 =     152.64613
lat3 =     -27.84609
