IDR1114.map
111  Karratha  (64 km)
projection = Gnomonic
center_longitude =     116.87580
center_latitude  =     -20.99240
lon0 =     116.25922
lat0 =     -21.56432
lon1 =     116.26395
lat1 =     -20.41300
lon2 =     117.49243
lat2 =     -20.41298
lon3 =     117.49721
lat3 =     -21.56430
