IDR1143.map
114 Carnarvon (128 km)
projection = Gnomonic
center_longitude =     113.66700
center_latitude  =     -24.88300
lon0 =     112.39305
lat0 =     -26.02205
lon1 =     112.41654
lat1 =     -23.72329
lon2 =     114.92761
lat2 =     -23.72321
lon3 =     114.95129
lat3 =     -26.02196
