IDR1122.map
112 Gove Ap (256 km)
projection = Gnomonic
center_longitude =     136.82043
center_latitude  =     -12.26898
lon0 =     134.45088
lat0 =     -14.55197
lon1 =     134.49194
lat1 =      -9.94726
lon2 =     139.16708
lat2 =      -9.94713
lon3 =     139.20847
lat3 =     -14.55178
