IDR194.map
19 Cairns (64 km)
projection = Gnomonic
center_longitude =     145.68300
center_latitude  =     -16.81700
lon0 =     145.08220
lat0 =     -17.38948
lon1 =     145.08585
lat1 =     -16.23766
lon2 =     146.28554
lat2 =     -16.23764
lon3 =     146.28920
lat3 =     -17.38947
