IDR1083.map
108 Toowoomba (128 km)
projection = Gnomonic
center_longitude =     151.99240
center_latitude  =     -27.27430
lon0 =     150.68871
lat0 =     -28.41404
lon1 =     150.71544
lat1 =     -26.11194
lon2 =     153.27937
lat2 =     -26.11185
lon3 =     153.30630
lat3 =     -28.41394
