IDR283.map
28 Grafton (128 km)
projection = Gnomonic
center_longitude =     152.95100
center_latitude  =     -29.62200
lon0 =     151.61734
lat0 =     -30.76281
lon1 =     151.64746
lat1 =     -28.46136
lon2 =     154.26550
lat2 =     -28.46126
lon3 =     154.29587
lat3 =     -30.76269
