IDR243.map
24 Bowen (128 km)
projection = Gnomonic
center_longitude =     148.07500
center_latitude  =     -19.88600
lon0 =     146.84785
lat0 =     -21.02877
lon1 =     146.86555
lat1 =     -18.72668
lon2 =     149.29640
lat2 =     -18.72660
lon3 =     149.31429
lat3 =     -21.02868
