IDR272.map
27 Woomera (256 km)
projection = Gnomonic
center_longitude =     136.80299
center_latitude  =     -31.15700
lon0 =     134.05981
lat0 =     -33.41582
lon1 =     134.18974
lat1 =     -28.81877
lon2 =     139.43849
lat2 =     -28.81834
lon3 =     139.56952
lat3 =     -33.41531
