IDR263.map
26 Perth Ap (128 km)
projection = Gnomonic
center_longitude =     115.96700
center_latitude  =     -31.93300
lon0 =     114.60056
lat0 =     -33.07135
lon1 =     114.63435
lat1 =     -30.76977
lon2 =     117.31326
lat2 =     -30.76963
lon3 =     117.34739
lat3 =     -33.07119
