IDR221.map
22 Mackay (512 km)
projection = Gnomonic
center_longitude =     149.21700
center_latitude  =     -21.11700
lon0 =     144.14903
lat0 =     -25.60967
lon1 =     144.45320
lat1 =     -16.43756
lon2 =     154.02104
lat2 =     -16.43665
lon3 =     154.32774
lat3 =     -25.60819
