IDR222.map
22 Mackay (256 km)
projection = Gnomonic
center_longitude =     149.21700
center_latitude  =     -21.11700
lon0 =     146.72087
lat0 =     -23.39048
lon1 =     146.79707
lat1 =     -18.79170
lon2 =     151.65546
lat2 =     -18.79147
lon3 =     151.73224
lat3 =     -23.39017
