IDR273.map
27 Woomera (128 km)
projection = Gnomonic
center_longitude =     136.80299
center_latitude  =     -31.15700
lon0 =     135.44659
lat0 =     -32.29811
lon1 =     135.47913
lat1 =     -29.99696
lon2 =     138.13643
lat2 =     -29.99686
lon3 =     138.16922
lat3 =     -32.29800
