IDR224.map
22 Mackay (64 km)
projection = Gnomonic
center_longitude =     149.21690
center_latitude  =     -21.11720
lon0 =     148.59892
lat0 =     -21.69000
lon1 =     148.60370
lat1 =     -20.53801
lon2 =     149.83389
lat2 =     -20.53800
lon3 =     149.83870
lat3 =     -21.68999
