IDR271.map
27 Woomera (512 km)
projection = Gnomonic
center_longitude =     136.80299
center_latitude  =     -31.15700
lon0 =     131.17509
lat0 =     -35.61459
lon1 =     131.69453
lat1 =     -26.44962
lon2 =     141.94525
lat2 =     -26.44841
lon3 =     142.46808
lat3 =     -35.61285
