IDR282.map
28 Grafton (256 km)
projection = Gnomonic
center_longitude =     152.95100
center_latitude  =     -29.62200
lon0 =     150.25778
lat0 =     -31.88797
lon1 =     150.37793
lat1 =     -27.29094
lon2 =     155.55235
lat2 =     -27.29042
lon3 =     155.67381
lat3 =     -31.88734
