IDR253.map
25 Alice Springs (128 km)
projection = Gnomonic
center_longitude =     133.89999
center_latitude  =     -23.81700
lon0 =     132.63710
lat0 =     -24.95831
lon1 =     132.65930
lat1 =     -22.65718
lon2 =     135.15298
lat2 =     -22.65709
lon3 =     135.17538
lat3 =     -24.95820
