IDR372.map
37 Hobart (256 km)
projection = Gnomonic
center_longitude =     147.50999
center_latitude  =     -42.83300
lon0 =     144.27193
lat0 =     -45.07667
lon1 =     144.50397
lat1 =     -40.48283
lon2 =     150.54889
lat2 =     -40.48198
lon3 =     150.78346
lat3 =     -45.07566
