IDR362.map
36 Mornington Is (256 km)
projection = Gnomonic
center_longitude =     139.16701
center_latitude  =     -16.66600
lon0 =     136.74396
lat0 =     -18.94347
lon1 =     136.80154
lat1 =     -14.34135
lon2 =     141.55203
lat2 =     -14.34116
lon3 =     141.61009
lat3 =     -18.94320
