IDR393.map
39 Halls Creek (128 km)
projection = Gnomonic
center_longitude =     127.663
center_latitude  =     -18.231
lon0 =     136.6334213
lat0 =     -17.9960153 
lon1 =     130.8234488 
lat1 =     -12.7157669
lon2 =     125.1241697
lat2 =     -18.1889873
lon3 =     127.6663243 
lat3 =     -19.4726961
