IDR334.map
33 Ceduna (64 km)
projection = Gnomonic
center_longitude =     133.69501
center_latitude  =     -32.13100
lon0 =     133.01489
lat0 =     -32.70211
lon1 =     133.02342
lat1 =     -31.55168
lon2 =     134.37346
lat2 =     -31.55164
lon3 =     134.38206
lat3 =     -32.70207
