IDR383.map
38 Newdegate (128 km)
projection = Gnomonic
center_longitude =     119.00870
center_latitude  =     -33.09700
lon0 =     117.62140
lat0 =     -34.23528
lon1 =     117.65726
lat1 =     -31.93263
lon2 =     120.37080
lat2 =     -31.93252
lon3 =     120.40695
lat3 =     -34.23515
