IDR332.map
33 Ceduna (256 km)
projection = Gnomonic
center_longitude =     133.69501
center_latitude  =     -32.13100
lon0 =     130.91359
lat0 =     -34.39663
lon1 =     131.05057
lat1 =     -29.79086
lon2 =     136.35977
lat2 =     -29.79046
lon3 =     136.49780
lat3 =     -34.39614
