IDR333.map
33 Ceduna (128 km)
projection = Gnomonic
center_longitude =     133.69501
center_latitude  =     -32.13100
lon0 =     132.32234
lat0 =     -33.27208
lon1 =     132.35657
lat1 =     -30.96849
lon2 =     135.04340
lat2 =     -30.96839
lon3 =     135.07788
lat3 =     -33.27197
