IDR324.map
32 Esperance (64 km)
projection = Gnomonic
center_longitude =     121.89200
center_latitude  =     -33.83000
lon0 =     121.19604
lat0 =     -34.40189
lon1 =     121.20535
lat1 =     -33.25038
lon2 =     122.58234
lat2 =     -33.25036
lon3 =     122.59170
lat3 =     -34.40187
