IDR392.map
39 Halls Creek (256 km)
projection = Gnomonic
center_longitude =     127.663
center_latitude  =     -18.231
lon0 =     130.3442000
lat0 =     -18.2064141
lon1 =     127.6683158
lat1 =     -15.6838588
lon2 =     124.9813993
lat2 =     -18.2063974
lon3 =     127.6683445
lat3 =     -20.7776906 
