IDR363.map
36 Mornington Is (128 km)
projection = Gnomonic
center_longitude =     139.16701
center_latitude  =     -16.66600
lon0 =     137.96338
lat0 =     -17.81080
lon1 =     137.97777
lat1 =     -15.50942
lon2 =     140.36617
lat2 =     -15.50936
lon3 =     140.38068
lat3 =     -17.81074
