IDR391.map
39 Halls Creek (512 km)
projection = Gnomonic
center_longitude =     127.663
center_latitude  =     -18.231
lon0 =     132.6040727
lat0 =     -18.1564456
lon1 =     127.6718903
lat1 =     -13.5354793
lon2 =     122.7219487
lat2 =     -18.1561009
lon3 =     127.6726512 
lat3 =     -22.9255112
