IDR394.map
39 Halls Creek (64 km)
projection = Gnomonic
center_longitude =     127.66300
center_latitude  =     -18.23100
lon0 =     127.05732
lat0 =     -18.80294
lon1 =     127.06132
lat1 =     -17.65174
lon2 =     128.26939
lat2 =     -17.65173
lon3 =     128.27342
lat3 =     -18.80292
