IDR484.map
48 Kalgoorlie (64 km)
projection = Gnomonic
center_longitude =     121.45490
center_latitude  =     -30.78340
lon0 =     120.78371
lat0 =     -31.35393
lon1 =     120.79169
lat1 =     -30.20324
lon2 =     122.12315
lat2 =     -30.20321
lon3 =     122.13120
lat3 =     -31.35390
