IDR463.map
46 Sellicks Hill (128 km)
projection = Gnomonic
center_longitude =     138.50000
center_latitude  =     -35.33000
lon0 =     137.07182
lat0 =     -36.47005
lon1 =     137.11198
lat1 =     -34.16439
lon2 =     139.89888
lat2 =     -34.16427
lon3 =     139.93936
lat3 =     -36.46992
