IDR422.map
42 Katherine (256 km)
projection = Gnomonic
center_longitude =     132.44600
center_latitude  =     -14.51300
lon0 =     130.05092
lat0 =     -16.79268
lon1 =     130.10020
lat1 =     -12.19152
lon2 =     134.80779
lat2 =     -12.19138
lon3 =     134.85741
lat3 =     -16.79249
