IDR493.map
49 Yarrawonga (128 km)
projection = Gnomonic
center_longitude =     146.02299
center_latitude  =     -36.03000
lon0 =     144.58353
lat0 =     -37.16864
lon1 =     144.62498
lat1 =     -34.86658
lon2 =     147.43111
lat2 =     -34.86646
lon3 =     147.47287
lat3 =     -37.16852
