IDR423.map
42 Katherine (128 km)
projection = Gnomonic
center_longitude =     132.44600
center_latitude  =     -14.51300
lon0 =     131.25470
lat0 =     -15.65685
lon1 =     131.26703
lat1 =     -13.35493
lon2 =     133.63297
lat2 =     -13.35490
lon3 =     133.64537
lat3 =     -15.65681
