IDR403.map
40 Canberra (128 km)
projection = Gnomonic
center_longitude =     149.51080
center_latitude  =     -35.66280
lon0 =     148.07771
lat0 =     -36.80297
lon1 =     148.11847
lat1 =     -34.49915
lon2 =     150.91429
lat2 =     -34.49902
lon3 =     150.95537
lat3 =     -36.80283
