IDR412.map
41 Willis Is (256 km)
projection = Gnomonic
center_longitude =     149.98300
center_latitude  =     -16.30000
lon0 =     147.56348
lat0 =     -18.57819
lon1 =     147.61963
lat1 =     -13.97859
lon2 =     152.35994
lat2 =     -13.97845
lon3 =     152.41641
lat3 =     -18.57801
