IDR424.map
42 Katherine (64 km)
projection = Gnomonic
center_longitude =     132.44600
center_latitude  =     -14.51300
lon0 =     131.85170
lat0 =     -15.08532
lon1 =     131.85478
lat1 =     -13.93442
lon2 =     133.04057
lat2 =     -13.93441
lon3 =     133.04367
lat3 =     -15.08531
