IDR494.map
49 Yarrawonga (64 km)
projection = Gnomonic
center_longitude =     146.02299
center_latitude  =     -36.03000
lon0 =     145.30756
lat0 =     -36.60153
lon1 =     145.31795
lat1 =     -35.44980
lon2 =     146.73181
lat2 =     -35.44978
lon3 =     146.74225
lat3 =     -36.60151
