IDR434.map
43 Brisbane Ap (64 km)
projection = Gnomonic
center_longitude =     153.13000
center_latitude  =     -27.39200
lon0 =     152.48070
lat0 =     -27.96458
lon1 =     152.48741
lat1 =     -26.81344
lon2 =     153.77727
lat2 =     -26.81342
lon3 =     153.78404
lat3 =     -27.96456
