IDR563.map
56 Longreach (128 km)
projection = Gnomonic
center_longitude =     144.28999
center_latitude  =     -23.43000
lon0 =     143.03111
lat0 =     -24.57170
lon1 =     143.05284
lat1 =     -22.27003
lon2 =     145.54015
lat2 =     -22.26993
lon3 =     145.56210
lat3 =     -24.57159
