IDR583.map
58 South Doodlakine (128 km)
projection = Gnomonic
center_longitude =     117.95290
center_latitude  =     -31.77700
lon0 =     116.58739
lat0 =     -32.91550
lon1 =     116.62096
lat1 =     -30.61300
lon2 =     119.29660
lat2 =     -30.61287
lon3 =     119.33047
lat3 =     -32.91537
