IDR582.map
58 South Doodlakine (256 km)
projection = Gnomonic
center_longitude =     117.95290
center_latitude  =     -31.77700
lon0 =     115.18527
lat0 =     -34.03925
lon1 =     115.31960
lat1 =     -29.43875
lon2 =     120.60418
lat2 =     -29.43840
lon3 =     120.73942
lat3 =     -34.03882
