IDR553.map
55 Wagga Wagga (128 km)
projection = Gnomonic
center_longitude =     147.46700
center_latitude  =     -35.16700
lon0 =     146.04538
lat0 =     -36.30445
lon1 =     146.08504
lat1 =     -34.00370
lon2 =     148.86072
lat2 =     -34.00357
lon3 =     148.90071
lat3 =     -36.30431
