IDR562.map
56 Longreach (256 km)
projection = Gnomonic
center_longitude =     144.28999
center_latitude  =     -23.43000
lon0 =     141.74489
lat0 =     -25.70124
lon1 =     141.83202
lat1 =     -21.09697
lon2 =     146.76794
lat2 =     -21.09668
lon3 =     146.85577
lat3 =     -25.70088
