IDR531.map
53 Moree (512 km)
projection = Gnomonic
center_longitude =     149.85001
center_latitude  =     -29.50000
lon0 =     144.33249
lat0 =     -33.96617
lon1 =     144.81091
lat1 =     -24.79223
lon2 =     154.92836
lat2 =     -24.79091
lon3 =     155.41046
lat3 =     -33.96424
