IDR584.map
58 South Doodlakine (64 km)
projection = Gnomonic
center_longitude =     117.95290
center_latitude  =     -31.77700
lon0 =     117.27448
lat0 =     -32.34759
lon1 =     117.28288
lat1 =     -31.19668
lon2 =     118.62838
lat2 =     -31.19665
lon3 =     118.63684
lat3 =     -32.34756
