IDR511.map
51 Melbourne Ap (512 km)
projection = Gnomonic
center_longitude =     144.83000
center_latitude  =     -37.66700
lon0 =     138.66632
lat0 =     -42.08886
lon1 =     139.38269
lat1 =     -32.93256
lon2 =     150.31718
lat2 =     -32.93082
lon3 =     151.03873
lat3 =     -42.08643
