IDR533.map
53 Moree (128 km)
projection = Gnomonic
center_longitude =     149.85001
center_latitude  =     -29.50000
lon0 =     148.51648
lat0 =     -30.64030
lon1 =     148.54645
lat1 =     -28.33886
lon2 =     151.16147
lat2 =     -28.33879
lon3 =     151.19162
lat3 =     -30.64022
