IDR532.map
53 Moree (256 km)
projection = Gnomonic
center_longitude =     149.85001
center_latitude  =     -29.50000
lon0 =     147.15088
lat0 =     -31.76811
lon1 =     147.27092
lat1 =     -27.16231
lon2 =     152.44925
lat2 =     -27.16194
lon3 =     152.57022
lat3 =     -31.76767
