IDR691.map
69 Namoi (512 km)
projection = Gnomonic
center_longitude =     150.19150
center_latitude  =     -31.02400
lon0 =     144.57042
lat0 =     -35.48018
lon1 =     145.08698
lat1 =     -26.30828
lon2 =     155.33266
lat2 =     -26.30697
lon3 =     155.85289
lat3 =     -35.47830
