IDR664.map
66 Brisbane (64 km)
projection = Gnomonic
center_longitude =     153.24001
center_latitude  =     -27.71810
lon0 =     152.58838
lat0 =     -28.29012
lon1 =     152.59523
lat1 =     -27.13828
lon2 =     153.88959
lat2 =     -27.13826
lon3 =     153.89648
lat3 =     -28.29010
