IDR632.map
63 Darwin (256 km)
projection = Gnomonic
center_longitude =     130.92500
center_latitude  =     -12.45700
lon0 =     128.55783
lat0 =     -14.73502
lon1 =     128.59946
lat1 =     -10.13403
lon2 =     133.27351
lat2 =     -10.13387
lon3 =     133.31555
lat3 =     -14.73478
