IDR671.map
67 Warrego (512 km)
projection = Gnomonic
center_longitude =     147.34920
center_latitude  =     -26.44000
lon0 =     142.01378
lat0 =     -30.91064
lon1 =     142.42256
lat1 =     -21.73685
lon2 =     152.30754
lat2 =     -21.73590
lon3 =     152.71892
lat3 =     -30.90922
