IDR694.map
69 Namoi (64 km)
projection = Gnomonic
center_longitude =     150.19150
center_latitude  =     -31.02400
lon0 =     149.51909
lat0 =     -31.59634
lon1 =     149.52716
lat1 =     -30.44561
lon2 =     150.86197
lat2 =     -30.44558
lon3 =     150.87012
lat3 =     -31.59631
