IDR682.map
68 Bairnsdale  (256 km)
projection = Gnomonic
center_longitude =     147.57550
center_latitude  =     -37.88760
lon0 =     144.58281
lat0 =     -40.14000
lon1 =     144.76387
lat1 =     -35.54608
lon2 =     150.41335
lat2 =     -35.54547
lon3 =     150.59610
lat3 =     -40.13927
