IDR672.map
67 Warrego (256 km)
projection = Gnomonic
center_longitude =     147.34920
center_latitude  =     -26.44000
lon0 =     144.73280
lat0 =     -28.71093
lon1 =     144.83536
lat1 =     -24.10475
lon2 =     149.88277
lat2 =     -24.10443
lon3 =     149.98613
lat3 =     -28.71053
