IDR693.map
69 Namoi (128 km)
projection = Gnomonic
center_longitude =     150.19150
center_latitude  =     -31.02400
lon0 =     148.83638
lat0 =     -32.16461
lon1 =     148.86873
lat1 =     -29.86297
lon2 =     151.52301
lat2 =     -29.86288
lon3 =     151.55559
lat3 =     -32.16451
