IDR643.map
64 Adelaide (128 km)
projection = Gnomonic
center_longitude =     138.46899
center_latitude  =     -34.61700
lon0 =     137.05746
lat0 =     -35.75734
lon1 =     137.09607
lat1 =     -33.45551
lon2 =     139.85535
lat2 =     -33.45536
lon3 =     139.89433
lat3 =     -35.75718
