IDR683.map
68 Bairnsdale (128 km)
projection = Gnomonic
center_longitude =     147.57550
center_latitude  =     -37.88760
lon0 =     146.09813
lat0 =     -39.02567
lon1 =     146.14363
lat1 =     -36.72200
lon2 =     149.01811
lat2 =     -36.72187
lon3 =     149.06396
lat3 =     -39.02553
