IDR673.map
67 Warrego (128 km)
projection = Gnomonic
center_longitude =     147.34920
center_latitude  =     -26.44000
lon0 =     146.05678
lat0 =     -27.58109
lon1 =     146.08232
lat1 =     -25.28016
lon2 =     148.62711
lat2 =     -25.28007
lon3 =     148.65288
lat3 =     -27.58098
