IDR663.map
66 Brisbane (128 km)
projection = Gnomonic
center_longitude =     153.24001
center_latitude  =     -27.71810
lon0 =     151.93095
lat0 =     -28.85765
lon1 =     151.95828
lat1 =     -26.55640
lon2 =     154.53113
lat2 =     -26.55632
lon3 =     154.55867
lat3 =     -28.85755
