IDR764.map
76 Hobart Mt Koonya (64 km)
projection = Gnomonic
center_longitude =     147.80600
center_latitude  =     -43.11200
lon0 =     147.01347
lat0 =     -43.68166
lon1 =     147.02823
lat1 =     -42.53164
lon2 =     148.58891
lat2 =     -42.53161
lon3 =     148.60378
lat3 =     -43.68163
