IDR732.map
73 Townsville (256 km)
projection = Gnomonic
center_longitude =     146.55099
center_latitude  =     -19.41960
lon0 =     144.08287
lat0 =     -21.69742
lon1 =     144.15182
lat1 =     -17.09310
lon2 =     148.96947
lat2 =     -17.09287
lon3 =     149.03899
lat3 =     -21.69712
