IDR784.map
78 Weipa (64 km)
projection = Gnomonic
center_longitude =     141.92500
center_latitude  =     -12.66600
lon0 =     141.33549
lat0 =     -13.23924
lon1 =     141.33815
lat1 =     -12.08862
lon2 =     142.51486
lat2 =     -12.08862
lon3 =     142.51753
lat3 =     -13.23923
