IDR754.map
75 Mt Isa (64 km)
projection = Gnomonic
center_longitude =     139.55499
center_latitude  =     -20.71120
lon0 =     138.93925
lat0 =     -21.28290
lon1 =     138.94392
lat1 =     -20.13215
lon2 =     140.16956
lat2 =     -20.13214
lon3 =     140.17424
lat3 =     -21.28289
