IDR793.map
79 Watheroo (128 km)
projection = Gnomonic
center_longitude =     116.29220
center_latitude  =     -30.36000
lon0 =     114.94872
lat0 =     -31.50081
lon1 =     114.97997
lat1 =     -29.19877
lon2 =     117.61732
lat2 =     -29.19864
lon3 =     117.64889
lat3 =     -31.50067
