IDR762.map
76 Hobart Mt Koonya (256 km)
projection = Gnomonic
center_longitude =     147.80600
center_latitude  =     -43.11200
lon0 =     144.54071
lat0 =     -45.36092
lon1 =     144.77715
lat1 =     -40.76245
lon2 =     150.85376
lat2 =     -40.76195
lon3 =     151.09166
lat3 =     -45.36033
