IDR742.map
74 Greenvale (256 km)
projection = Gnomonic
center_longitude =     144.99500
center_latitude  =     -18.99700
lon0 =     142.53304
lat0 =     -21.27351
lon1 =     142.60025
lat1 =     -16.66776
lon2 =     147.40849
lat2 =     -16.66755
lon3 =     147.47624
lat3 =     -21.27323
