IDR722.map
72 Emerald (256 km)
projection = Gnomonic
center_longitude =     148.23900
center_latitude  =     -23.54980
lon0 =     145.69112
lat0 =     -25.82296
lon1 =     145.77875
lat1 =     -21.22319
lon2 =     150.71408
lat2 =     -21.22298
lon3 =     150.80225
lat3 =     -25.82269
