IDR783.map
78 Weipa (128 km)
projection = Gnomonic
center_longitude =     141.92200
center_latitude  =     -12.67100
lon0 =     140.73936
lat0 =     -13.81592
lon1 =     140.75000
lat1 =     -11.51379
lon2 =     143.09943
lat2 =     -11.51377
lon3 =     143.11012
lat3 =     -13.81589
