IDR763.map
76 Hobart Mt Koonya (128 km)
projection = Gnomonic
center_longitude =     147.80600
center_latitude  =     -43.11200
lon0 =     146.20590
lat0 =     -44.24715
lon1 =     146.26497
lat1 =     -41.94530
lon2 =     149.36044
lat2 =     -41.94513
lon3 =     149.42001
lat3 =     -44.24695
