IDR752.map
75 Mt Isa  (256 km)
projection = Gnomonic
center_longitude =     139.55499
center_latitude  =     -20.71120
lon0 =     137.06776
lat0 =     -22.98379
lon1 =     137.14207
lat1 =     -18.38869
lon2 =     141.98508
lat2 =     -18.38847
lon3 =     142.05991
lat3 =     -22.98351
