IDR703.map
70 Perth (128 km)
projection = Gnomonic
center_longitude =     115.86690
center_latitude  =     -32.39170
lon0 =     114.49326
lat0 =     -33.52962
lon1 =     114.52782
lat1 =     -31.22818
lon2 =     117.21949
lat2 =     -31.22804
lon3 =     117.25440
lat3 =     -33.52947
