IDR794.map
79 Watheroo (64 km)
projection = Gnomonic
center_longitude =     116.29220
center_latitude  =     -30.36000
lon0 =     115.62340
lat0 =     -30.93212
lon1 =     115.63123
lat1 =     -29.78052
lon2 =     116.95808
lat2 =     -29.78049
lon3 =     116.96597
lat3 =     -30.93209
