IDR723.map
72 Emerald (128 km)
projection = Gnomonic
center_longitude =     148.23900
center_latitude  =     -23.54980
lon0 =     146.97539
lat0 =     -24.69003
lon1 =     146.99733
lat1 =     -22.38788
lon2 =     149.48726
lat2 =     -22.38783
lon3 =     149.50931
lat3 =     -24.68998
