IDR743.map
74 Greenvale (128 km)
projection = Gnomonic
center_longitude =     144.99500
center_latitude  =     -18.99700
lon0 =     143.77571
lat0 =     -20.13821
lon1 =     143.79243
lat1 =     -17.83982
lon2 =     146.20699
lat2 =     -17.83977
lon3 =     146.22383
lat3 =     -20.13815
