IDR744.map
74 Greenvale (64 km)
projection = Gnomonic
center_longitude =     144.99500
center_latitude  =     -18.99700
lon0 =     144.38629
lat0 =     -19.57010
lon1 =     144.39050
lat1 =     -18.41807
lon2 =     145.60474
lat2 =     -18.41805
lon3 =     145.60898
lat3 =     -19.57009
