IDR782.map
78 Weipa (256 km)
projection = Gnomonic
center_longitude =     141.92200
center_latitude  =     -12.67100
lon0 =     139.54871
lat0 =     -14.95440
lon1 =     139.59122
lat1 =     -10.34976
lon2 =     144.27219
lat2 =     -10.34962
lon3 =     144.31505
lat3 =     -14.95420
