IDR773.map
77 Arafura (128 km)
projection = Gnomonic
center_longitude =     133.38000
center_latitude  =     -11.64900
lon0 =     132.20399
lat0 =     -12.79481
lon1 =     132.21370
lat1 =     -10.49260
lon2 =     134.55508
lat2 =     -10.49257
lon3 =     134.56487
lat3 =     -12.79477
