IDR724.map
72 Emerald (64 km)
projection = Gnomonic
center_longitude =     148.23900
center_latitude  =     -23.54980
lon0 =     147.61024
lat0 =     -24.12092
lon1 =     147.61572
lat1 =     -22.97013
lon2 =     148.86563
lat2 =     -22.97012
lon3 =     148.87114
lat3 =     -24.12090
