IDR774.map
77 Arafura (64 km)
projection = Gnomonic
center_longitude =     133.38000
center_latitude  =     -11.64900
lon0 =     132.79373
lat0 =     -12.22118
lon1 =     132.79616
lat1 =     -11.07027
lon2 =     133.96889
lat2 =     -11.07026
lon3 =     133.97133
lat3 =     -12.22117
