IDR733.map
73 Townsville (128 km)
projection = Gnomonic
center_longitude =     146.55099
center_latitude  =     -19.41960
lon0 =     145.32608
lat0 =     -20.56282
lon1 =     145.34332
lat1 =     -18.26044
lon2 =     147.76787
lat2 =     -18.26038
lon3 =     147.78523
lat3 =     -20.56276
