IDR972.map
97 Mildura (256 km)
projection = Gnomonic
center_longitude =     141.59821
center_latitude  =     -34.28710
lon0 =     138.74879
lat0 =     -36.54247
lon1 =     138.90048
lat1 =     -31.94647
lon2 =     144.31931
lat2 =     -31.94598
lon3 =     144.47232
lat3 =     -36.54188
