IDR953.map
95 Rainbow (128 km)
projection = Gnomonic
center_longitude =     142.01331
center_latitude  =     -35.99750
lon0 =     140.57356
lat0 =     -37.13608
lon1 =     140.61501
lat1 =     -34.83310
lon2 =     143.42110
lat2 =     -34.83300
lon3 =     143.46280
lat3 =     -37.13596
