IDR973.map
97 Mildura (128 km)
projection = Gnomonic
center_longitude =     141.59821
center_latitude  =     -34.28710
lon0 =     140.19218
lat0 =     -35.42485
lon1 =     140.23016
lat1 =     -33.12321
lon2 =     142.97873
lat2 =     -33.12307
lon3 =     143.01706
lat3 =     -35.42470
