IDR931.map
93 Brewarrina (512 km)
projection = Gnomonic
center_longitude =     146.81290
center_latitude  =     -29.96960
lon0 =     141.26453
lat0 =     -34.42912
lon1 =     141.75429
lat1 =     -25.25798
lon2 =     151.90761
lat2 =     -25.25674
lon3 =     152.40083
lat3 =     -34.42733
