IDR933.map
93 Brewarrina (128 km)
projection = Gnomonic
center_longitude =     146.81290
center_latitude  =     -29.96960
lon0 =     145.47366
lat0 =     -31.11035
lon1 =     145.50433
lat1 =     -28.80885
lon2 =     148.13113
lat2 =     -28.80876
lon3 =     148.16202
lat3 =     -31.11024
