IDR962.map
96 Yeoval (256 km)
projection = Gnomonic
center_longitude =     148.70810
center_latitude  =     -32.74442
lon0 =     145.91232
lat0 =     -35.00468
lon1 =     146.05304
lat1 =     -30.40494
lon2 =     151.38843
lat2 =     -30.40442
lon3 =     151.53047
lat3 =     -35.00407
