IDR981.map
98 Taroom (512 km)
projection = Gnomonic
center_longitude =     149.89799
center_latitude  =     -25.69600
lon0 =     144.60519
lat0 =     -30.17281
lon1 =     144.99767
lat1 =     -21.00969
lon2 =     154.82178
lat2 =     -21.00902
lon3 =     155.21611
lat3 =     -30.17179
