IDR963.map
96 Yeoval (128 km)
projection = Gnomonic
center_longitude =     148.70810
center_latitude  =     -32.74442
lon0 =     147.32521
lat0 =     -33.88475
lon1 =     147.36047
lat1 =     -31.58305
lon2 =     150.06267
lat2 =     -31.58297
lon3 =     150.09813
lat3 =     -33.88467
