IDR954.map
95 Rainbow (64 km)
projection = Gnomonic
center_longitude =     142.01331
center_latitude  =     -35.99750
lon0 =     141.29926
lat0 =     -36.56854
lon1 =     141.30960
lat1 =     -35.41681
lon2 =     142.72290
lat2 =     -35.41677
lon3 =     142.73334
lat3 =     -36.56850
