IDR984.map
98 Taroom (64 km)
projection = Gnomonic
center_longitude =     149.89799
center_latitude  =     -25.69600
lon0 =     149.25778
lat0 =     -26.26822
lon1 =     149.26395
lat1 =     -25.11643
lon2 =     150.53604
lat2 =     -25.11641
lon3 =     150.54225
lat3 =     -26.26821
