IDR982.map
98 Taroom (256 km)
projection = Gnomonic
center_longitude =     149.89799
center_latitude  =     -25.69600
lon0 =     147.30710
lat0 =     -27.96120
lon1 =     147.40524
lat1 =     -23.36408
lon2 =     152.41406
lat2 =     -23.36371
lon3 =     152.51312
lat3 =     -27.96075
