IDR932.map
93 Brewarrina (256 km)
projection = Gnomonic
center_longitude =     146.81290
center_latitude  =     -29.96960
lon0 =     144.10732
lat0 =     -32.23061
lon1 =     144.22974
lat1 =     -27.63069
lon2 =     149.42345
lat2 =     -27.63018
lon3 =     149.54716
lat3 =     -32.23000
