IDR934.map
93 Brewarrina (64 km)
projection = Gnomonic
center_longitude =     146.81290
center_latitude  =     -29.96960
lon0 =     146.14612
lat0 =     -30.54226
lon1 =     146.15379
lat1 =     -29.39098
lon2 =     147.47516
lat2 =     -29.39097
lon3 =     147.48288
lat3 =     -30.54224
