IDR964.map
96 Yeoval (64 km)
projection = Gnomonic
center_longitude =     148.70810
center_latitude  =     -32.74442
lon0 =     148.02112
lat0 =     -33.31654
lon1 =     148.02994
lat1 =     -32.16576
lon2 =     149.38942
lat2 =     -32.16574
lon3 =     149.39827
lat3 =     -33.31652
