IDR974.map
97 Mildura (64 km)
projection = Gnomonic
center_longitude =     141.59821
center_latitude  =     -34.28710
lon0 =     140.89877
lat0 =     -34.85773
lon1 =     140.90829
lat1 =     -33.70627
lon2 =     142.29248
lat2 =     -33.70625
lon3 =     142.30205
lat3 =     -34.85770
