IDR983.map
98 Taroom (128 km)
projection = Gnomonic
center_longitude =     149.89799
center_latitude  =     -25.69600
lon0 =     148.61357
lat0 =     -26.83488
lon1 =     148.63815
lat1 =     -24.53480
lon2 =     151.16667
lat2 =     -24.53473
lon3 =     151.19141
lat3 =     -26.83480
