IDR961.map
96 Yeoval (512 km)
projection = Gnomonic
center_longitude =     148.70810
center_latitude  =     -32.74442
lon0 =     142.96494
lat0 =     -37.19127
lon1 =     143.52675
lat1 =     -28.03172
lon2 =     153.92010
lat2 =     -28.03056
lon3 =     154.48518
lat3 =     -37.18962
