IDR944.map
94 Hillston (64 km)
projection = Gnomonic
center_longitude =     145.52859
center_latitude  =     -33.55190
lon0 =     144.83658
lat0 =     -34.12243
lon1 =     144.84573
lat1 =     -32.97177
lon2 =     146.21733
lat2 =     -32.97174
lon3 =     146.22656
lat3 =     -34.12239
